a=10
b-5
b=5
c=a+b
d=a-b
e=a*b
f=a/b
r1 = [1 2 3 4 5]
c1 = [ 1; 2; 3; 4; 5]
m1 = [ c1 c1 c1 c1 c1]
m1 = [ r1; r1; r1; r1; r1]